                   Nama  Usia Gender  GlukosaRef  SuhuTubuh  HR_est  SpO2_est  IR_Mean  IR_Min  RED_Mean  RED_Min  sensor_flag
             Aandidiini    19      P        78.0       0.00    62.2     97.78 48341.77 47570.0  39011.96  38689.0         True
             Aandidiini    19      P        78.0      27.91   200.0     90.71  6044.56     8.0   4364.67      0.0         True
     Aira Cantika Putri    16      L       110.0       0.00    65.1     99.43 15510.75 15073.0   8616.91   8435.0         True
     Aira Cantika Putri    16      L       110.0       0.00    60.9     99.67 15844.31 15618.0   8730.25   8639.0         True
                   Atun    24      P       131.0       0.00    71.8     87.27    82.67    71.0     77.65     67.0         True
              Bapak ana    53      L       121.0       0.00    62.2     94.87 45805.78 45209.0  34093.16  33699.0         True
                    Dua    23      L       115.0      28.65    76.3     95.87    79.81    71.0     19.12     13.0         True
                 Naufal    15      L        82.0       0.00    67.8     98.87 46023.17 43559.0  36476.35  35430.0         True
                 Naufal    15      L        82.0       0.00    62.0     97.64 43470.18 42919.0  32659.49  32263.0         True
                 Olivia    20      L        72.0       0.00    63.1     94.77 46559.41 45763.0  34295.39  33780.0         True
                Pertama    20      L       113.0      28.65    76.3     95.87    79.81    71.0     19.12     13.0         True
                  Ulhaq    15      L        92.0       0.00    62.9     95.58 51210.20 50039.0  35053.47  34552.0         True
             aaandirini    19      P        78.0       0.00    61.2    100.00 48761.22 48275.0  39380.18  39234.0         True
                      A    18      L       116.0      28.39    61.0     80.00 51628.74 51026.0  36488.37  35934.0        False
                      A    18      L       155.0      29.23    61.3     84.77 56003.29 55434.0  41969.88  41445.0        False
             Adriyaddin    48      L       167.0      33.99    64.2    100.00 45683.34 44275.0  33118.48  32673.0        False
       Ahmad Wahyu Okta    15      L        97.0      32.92    61.6     89.36 46428.34 45762.0  33691.43  33184.0        False
     Aira Cantika Putri    16      L       110.0      34.91    66.9     88.87 43668.96 41989.0  33406.64  31987.0        False
     Aira Cantika Putri    16      P       110.0      35.09    63.2     98.65 37550.16 36627.0  29031.75  28706.0        False
                    Ana    17      P       116.0      30.71    68.4     96.99 53726.10 49017.0  39130.69  36581.0        False
                 Andini    19      L        78.0      30.53    67.4     86.98 51728.64 49479.0  41606.36  40004.0        False
                Andirni    19      P        78.0      34.45    63.0     87.97 49113.15 47188.0  39544.78  38659.0        False
                 Arsyik    76      L       138.0      31.53    66.1     98.85 42796.45 41210.0  35370.91  34621.0        False
                   Atun    24      P       131.0      31.63    61.7     80.00 41530.75 41133.0  29765.10  29224.0        False
                      B    20      L       120.0      32.27    60.6     80.00 50750.78 50431.0  39204.98  38751.0        False
              Bapak ana    53      L       121.0      33.27    62.0    100.00 42529.09 42018.0  32083.38  31876.0        False
         Dewi Nurhayati    47      L        83.0      30.19    63.8     97.28 45973.29 44835.0  34661.93  34106.0        False
                    Era    17      P        77.0      33.87    63.9     98.82 41170.09 40194.0  35657.70  35162.0        False
                    Ifa    52      P       122.0      33.95    61.9     96.20 41853.72 41251.0  29002.00  28672.0        False
          Iin anggraini    33      P        77.0      32.92    62.3     97.16 39353.67 38642.0  28511.58  28130.0        False
          Iin anggriani    33      P        77.0      31.63    61.3     80.00 43978.46 43509.0  29263.63  28404.0        False
                   Iyan    17      L        84.0      29.71    62.5    100.00 47872.11 46994.0  34041.20  33795.0        False
                 Liwang    71      L       117.0      34.77    62.0     95.44 41982.48 41258.0  25619.92  25256.0        False
               Mas kawi    28      L       187.0      32.92    61.3     98.25 52389.43 51843.0  31265.10  31000.0        False
Muhammad Daffa Ramadhan    17      L       125.0      32.31    62.0    100.00 48499.64 47967.0  35781.03  35599.0        False
                 Naufal    15      L        82.0      32.33    61.9     91.90 41587.40 41052.0  31426.81  31093.0        False
                Nuraini    69      L        87.0      33.17    61.4     91.55 51227.72 50756.0  41557.33  41181.0        False
       Nurlaila Ramdani    29      P       137.0      33.87    61.3     96.91 44440.18 44008.0  30742.52  30498.0        False
                 Olivia    20      L        72.0      32.45    63.1     94.77 46559.41 45763.0  34295.39  33780.0        False
                  Putri    28      P       122.0      32.92    63.0    100.00 48652.65 47637.0  35869.09  35560.0        False
                  Putri    28      P       122.0      32.92    63.3    100.00 51749.47 48645.0  36037.43  35607.0        False
                   Rudi    46      L       142.0      35.27    63.1     90.43 48427.85 47536.0  38456.23  37796.0        False
               Suryanti    44      P       109.0      34.17    72.3    100.00 43789.80 37611.0  30375.65  28810.0        False
                  Ulhaq    15      L        92.0      34.13    61.9     89.92 54939.45 54254.0  38437.52  37964.0        False
                 Zaskia    17      P        94.0      31.33    62.5     91.11 42758.66 41846.0  32643.55  31794.0        False
             aaandirini    19      P        78.0      32.92    61.2    100.00 48761.22 48275.0  39380.18  39234.0        False

Counts: {'unique': 46, 'sensor_flag': 13, 'clean_candidate': 33}
